name: hacktj
channels:
  - conda-forge
  - nodefaults
dependencies:
  - bzip2=1.0.8=hcfcfb64_5
  - ca-certificates=2024.2.2=h56e8100_0
  - dill=0.3.8=pyhd8ed1ab_0
  - fmt=10.2.1=h181d51b_0
  - intel-openmp=2024.0.0=h57928b3_49841
  - libblas=3.9.0=21_win64_mkl
  - libcblas=3.9.0=21_win64_mkl
  - libexpat=2.5.0=h63175ca_1
  - libffi=3.4.2=h8ffe710_5
  - libflint=2.9.0=h448d227_nontl_0
  - libhwloc=2.9.3=default_haede6df_1009
  - libiconv=1.17=hcfcfb64_2
  - liblapack=3.9.0=21_win64_mkl
  - libsqlite=3.45.1=hcfcfb64_0
  - libxml2=2.12.5=hc3477c8_0
  - libzlib=1.2.13=hcfcfb64_5
  - mkl=2024.0.0=h66d3029_49657
  - mpc=1.3.1=h4ff82f8_0
  - mpfr=4.2.1=h64bf75a_0
  - mpir=3.0.0=he025d50_1002
  - mpmath=1.3.0=pyhd8ed1ab_0
  - muparserx=4.0.8=h91493d7_3
  - numpy=1.26.4=py312h8753938_0
  - openssl=3.2.1=hcfcfb64_0
  - pbr=6.0.0=pyhd8ed1ab_0
  - pip=24.0=pyhd8ed1ab_0
  - psutil=5.9.8=py312he70551f_0
  - pthreads-win32=2.9.1=hfa6e2cd_3
  - python=3.12.2=h2628c8c_0_cpython
  - python-dateutil=2.8.2=pyhd8ed1ab_0
  - python-symengine=0.11.0=py312hd952171_1
  - python_abi=3.12=4_cp312
  - qiskit=1.0.1=py312hfccd98a_0
  - qiskit-aer=0.13.3=cpu_py312hf58fcdf_200
  - qiskit-algorithms=0.3.0=pyhd8ed1ab_0
  - rustworkx=0.14.1=py312h7ac22d7_0
  - scipy=1.12.0=py312h8753938_2
  - setuptools=69.1.1=pyhd8ed1ab_0
  - six=1.16.0=pyh6c4a22f_0
  - spdlog=1.12.0=h64d2f7d_2
  - stevedore=5.2.0=pyhd8ed1ab_0
  - symengine=0.11.2=h7610957_0
  - sympy=1.12=pyh04b8f61_3
  - tbb=2021.11.0=h91493d7_1
  - tk=8.6.13=h5226925_1
  - typing-extensions=4.9.0=hd8ed1ab_0
  - typing_extensions=4.9.0=pyha770c72_0
  - tzdata=2024a=h0c530f3_0
  - ucrt=10.0.22621.0=h57928b3_0
  - vc=14.3=hcf57466_18
  - vc14_runtime=14.38.33130=h82b7239_18
  - vs2015_runtime=14.38.33130=hcb4865c_18
  - wheel=0.42.0=pyhd8ed1ab_0
  - xz=5.2.6=h8d14728_0
  - zstd=1.5.5=h12be248_0
prefix: C:\Users\aalon_przcr8o\mambaforge\envs\hacktj
